  -15.270
   -4.970
    6.000
   17.980
   25.290
   20.090
    7.930
   -1.970
   -5.670
   -4.570
   -4.600
   -3.590
   -3.520
   -3.970
   -0.480
    0.460
   -6.560
  -10.820
   -4.350
    0.270
    0.680
    2.740
    5.260
    4.400
    1.560
    5.450
   10.030
   11.090
   11.760
    9.340
    5.890
    0.360
   -9.490
  -16.670
  -20.970
  -26.750
  -29.710
  -20.310
   -1.850
    7.070
    4.390
    5.170
    7.210
    0.990
   -8.180
  -13.800
  -13.950
  -13.230
  -15.180
  -11.350
    2.610
   10.570
    5.870
    5.480
    4.430
   -4.360
   -2.580
    4.940
    2.060
   -7.750
   -8.030
    3.020
    7.750
   12.380
   18.740
   12.740
    1.810
   -4.180
   -0.010
    9.050
    8.400
   -3.170
  -15.830
  -12.260
    4.420
   11.630
   10.540
    7.940
    1.990
   -2.790
   -2.510
   -3.310
   -8.100
   -9.350
  -16.260
  -25.120
  -20.350
  -16.030
  -14.390
  -10.970
  -13.520
  -10.590
    3.630
   13.310
   13.180
    9.190
    4.340
   -0.720
   -4.950
   -3.560
    3.290
    2.790
   -5.250
   -5.880
   -3.590
   -4.610
   -3.740
   -7.250
  -10.140
   -8.060
   -8.290
   -6.230
   -4.540
   -6.650
  -13.240
  -19.830
  -21.990
  -23.440
  -21.220
  -16.110
  -14.090
  -13.880
   -8.270
   -3.490
   -6.540
   -9.300
  -10.620
  -17.050
  -20.400
  -17.790
  -16.840
  -13.750
  -11.000
  -18.750
  -28.370
  -21.810
  -16.350
  -19.520
  -13.850
  -10.950
  -16.490
  -21.630
  -26.170
  -25.830
  -21.900
  -19.660
  -15.300
   -8.860
   -2.290
    1.340
    0.450
   -3.710
   -4.020
    0.870
    0.350
   -2.690
   -6.790
   -9.660
   -3.000
    1.570
   -1.640
   -4.290
   -7.510
   -5.280
   -0.960
   -2.240
    0.150
   -0.760
   -5.570
   -3.750
   -6.390
  -15.410
  -17.500
  -12.580
  -10.120
   -9.670
    0.720
   10.630
   11.660
   15.010
   12.870
    5.920
    2.810
   -1.100
   -0.580
    3.580
   -1.260
   -9.690
   -7.930
    2.330
    4.770
    2.920
    9.140
    7.770
   -1.090
   -0.800
   -2.900
   -8.480
   -4.850
    2.090
    7.470
    1.820
   -8.350
   -6.450
   -2.490
   -5.810
   -8.660
   -4.100
    0.970
    0.420
   -6.550
  -16.600
  -13.050
   -3.660
   -1.510
    6.820
   16.820
   18.360
   14.640
   11.300
    6.510
    4.200
   11.140
   20.710
   25.460
   24.490
   23.610
   20.350
   13.360
   16.380
   28.450
   31.240
   19.840
    7.010
    8.860
   12.540
    5.860
    5.840
    9.330
    8.000
   12.290
   19.360
   14.470
    7.870
   14.580
   19.730
   20.850
   21.290
   15.640
   11.750
    8.680
    1.450
   -3.320
   -9.000
  -17.140
  -12.430
    0.060
    3.350
   -4.200
  -12.070
  -10.990
   -5.370
   -2.430
    4.920
   19.390
   21.360
   13.040
    7.440
    4.880
   11.970
   18.180
   16.530
   17.140
   12.560
    2.290
   -7.900
  -11.540
   -1.800
    7.330
    6.390
   -0.130
   -3.700
   -6.990
  -16.510
  -20.940
  -14.610
   -5.330
    5.720
   11.670
    3.990
   -7.780
  -12.020
  -14.710
  -15.900
   -8.400
   -4.080
   -5.030
   -3.490
    0.490
    0.370
   -9.370
  -19.010
  -16.770
  -12.640
  -18.930
  -23.960
  -28.830
  -33.600
  -21.090
  -11.210
  -16.460
  -13.010
   -8.010
  -16.460
  -26.340
  -29.330
  -28.070
  -24.610
  -16.050
   -6.970
   -6.890
   -8.970
   -5.900
   -5.930
  -11.150
  -13.990
  -13.790
  -18.550
  -23.970
  -18.970
  -14.300
  -17.760
  -24.280
  -25.670
  -23.540
  -26.560
  -23.470
  -15.090
  -14.080
  -12.530
   -5.600
   -9.980
  -24.190
  -22.500
   -7.410
   -1.930
   -5.240
   -8.820
  -12.130
  -10.460
  -10.970
  -16.950
  -15.600
   -9.620
   -6.210
    0.650
   10.880
   17.960
    7.790
   -8.230
   -9.050
   -8.920
   -2.150
    9.680
   11.260
   12.060
   15.260
   14.030
    7.940
    4.260
   -0.350
   -6.140
   -4.270
    6.320
   20.240
   22.770
   17.320
   14.810
   13.360
   13.220
    7.840
   -1.180
   -2.510
   -0.040
    0.340
   10.580
   19.750
   13.890
   10.240
    9.890
    4.250
    6.020
   12.580
   15.800
   23.290
   24.810
   21.450
   20.950
   20.510
   18.960
    8.790
    0.870
    6.550
   15.600
   19.830
   21.770
   19.280
    8.400
    5.150
   12.410
   12.040
    7.530
   11.490
   14.900
   11.960
   12.190
   13.240
    6.270
   -1.890
   -1.270
    2.490
    0.720
   -4.840
   -3.870
    3.930
   11.740
   15.700
    8.680
   -1.790
   -4.360
   -6.510
   -9.900
   -9.750
   -6.950
   -1.030
    0.910
   -8.270
  -21.810
  -24.220
  -17.770
  -19.550
  -22.840
  -16.890
  -16.270
  -28.090
  -33.470
  -32.070
  -32.480
  -24.330
  -19.630
  -25.190
  -29.390
  -35.890
  -35.540
  -23.780
  -17.560
   -9.040
    4.820
    0.750
  -13.080
  -14.320
  -10.950
  -13.320
  -20.870
  -25.340
  -15.470
   -2.200
   -2.040
  -10.380
  -13.110
  -10.020
  -12.810
  -11.070
    6.020
   13.580
    9.820
    7.270
   -0.270
   -9.570
  -15.800
  -19.580
  -21.260
  -12.670
   -1.440
    0.310
    0.900
    1.590
   -6.170
  -19.910
  -25.650
  -24.540
  -19.000
   -8.090
   -2.410
   -4.120
   -8.200
  -13.880
  -20.490
  -24.260
  -25.130
  -25.100
  -20.220
  -15.170
  -17.140
  -15.220
   -8.270
   -4.620
   -4.470
   -6.600
  -11.150
  -13.520
  -10.880
   -6.860
    1.570
    6.780
   -1.310
  -16.140
  -18.070
   -6.540
   -1.450
   -4.120
   -6.600
   -2.570
    3.900
    3.210
    0.910
   -1.230
   -4.370
   -3.830
   -6.710
   -7.100
   -3.430
   -4.180
   -2.830
   -1.360
   -3.100
   -8.420
  -10.190
   -8.380
   -7.880
   -5.220
   -7.570
   -8.950
  -11.160
  -18.890
  -15.430
  -12.460
  -15.490
   -9.790
   -2.000
    4.870
    0.880
  -13.370
  -15.410
  -11.620
  -13.830
  -16.210
  -18.810
  -23.370
  -20.700
  -15.260
  -14.400
   -8.680
   -1.460
    0.850
    0.120
    0.680
    3.310
    4.820
    5.130
    5.750
    9.310
   11.660
    9.150
    7.850
   10.540
    9.180
    4.110
    4.720
    7.490
    1.410
   -1.110
    4.900
   -1.020
  -14.440
  -19.520
  -17.270
  -14.350
  -18.390
  -25.390
  -23.230
  -17.290
  -11.610
    2.980
   18.510
   19.120
    6.520
   -6.710
  -11.040
   -1.350
   14.290
   21.290
   23.040
   21.980
   16.610
   14.300
   15.810
   19.430
   23.860
   23.930
   21.100
   16.490
   11.100
    9.960
    6.920
    4.220
    8.300
    6.160
    3.030
   10.360
   13.180
    9.460
   10.770
   15.720
   13.010
    4.620
    2.920
   -0.460
   -6.820
  -11.360
  -16.130
  -13.050
   -5.630
    4.970
   13.910
   13.080
   10.340
    3.870
   -4.570
   -9.810
   -9.380
   -4.920
   -4.690
   -5.280
   -3.930
   -7.290
   -9.350
   -5.870
   -5.330
   -6.600
   -8.990
  -13.750
  -16.740
  -16.930
  -17.390
  -13.940
   -0.620
    7.770
    2.850
    1.790
    5.580
   -1.420
   -5.920
    8.510
   19.960
   17.800
   10.910
    2.470
   -0.770
   -4.400
  -14.410
  -14.450
   -1.190
   10.150
   14.940
   11.230
    3.410
   -5.130
  -13.990
  -16.250
  -12.150
   -2.860
    8.050
    9.870
    3.960
   -5.420
  -15.780
  -15.870
   -6.170
    2.110
   10.300
   16.740
   14.060
   11.720
   13.790
   14.150
   12.750
    9.570
    6.210
    9.690
   12.690
    7.320
    8.610
   14.790
   17.120
   22.400
   27.600
   29.440
   29.140
   25.500
   18.500
   13.790
   14.800
   12.690
   11.160
   13.020
   12.820
   14.040
   17.010
   22.770
   22.770
   11.310
    3.210
   -2.450
   -9.880
  -10.970
  -11.600
  -11.060
   -5.090
   -1.480
   -1.000
    3.500
    7.750
    7.290
   11.830
   14.580
    7.350
   -0.630
   -3.160
   -4.530
   -4.900
   -0.540
    3.240
    0.790
   -4.980
  -10.420
  -15.570
  -15.660
  -12.650
   -7.270
   -0.730
    4.820
   11.840
   15.720
   19.730
   18.830
   11.640
    9.460
    6.890
    6.350
   10.920
   11.710
   10.980
   14.280
   17.380
   13.680
    6.210
   -0.270
   -7.720
  -12.520
  -10.950
   -4.400
    0.790
   -0.700
   -0.910
    1.190
    3.000
    7.540
    9.450
    6.760
    3.850
   -1.960
   -6.310
    0.720
   11.110
   12.190
    8.110
    4.490
    1.210
   -2.910
   -5.810
    1.820
   11.040
   12.830
   14.870
   12.600
    2.730
   -5.310
   -7.350
   -7.600
   -5.770
   -3.570
   -7.290
  -12.540
  -20.650
  -27.730
  -22.630
  -14.090
  -10.550
   -9.300
   -5.180
   -7.550
  -17.750
  -22.770
  -21.520
  -14.750
  -13.380
  -18.530
  -14.540
  -10.670
  -20.560
  -24.470
  -12.760
   -3.980
   -3.110
   -2.470
    0.250
   -3.850
  -15.650
  -24.240
  -30.180
  -29.260
  -13.910
   -0.280
    6.170
   11.540
    4.760
   -9.070
   -8.280
    3.580
    4.140
   -3.070
   -6.180
   -8.680
   -8.510
   -2.670
    1.260
    3.110
    8.720
    7.880
    1.280
    3.260
   10.160
   13.920
   17.180
   17.260
   16.420
   16.820
   13.200
   14.430
   17.450
   16.130
   12.660
    6.440
    6.820
    9.890
   10.430
   11.010
    1.960
  -10.670
  -11.280
   -5.780
   -2.510
    1.110
    1.390
    0.860
    4.120
    3.590
    6.470
   13.170
    4.740
   -8.570
   -5.490
    1.660
    1.850
    1.820
    1.540
    6.000
   13.540
   12.980
    9.400
    7.120
   -1.420
   -9.690
   -4.920
   -2.650
   -5.630
   -1.810
   -2.000
   -9.620
  -16.200
  -17.750
  -16.540
  -10.650
   -6.780
  -16.590
  -15.170
    2.480
    4.290
    2.740
    4.860
   -3.570
   -8.310
   -2.420
    3.750
    1.140
   -3.920
   -8.780
   -8.580
    5.970
   18.400
   17.220
   10.560
    2.040
    0.600
    8.390
   10.170
    6.180
   -1.660
   -5.760
    3.960
   11.740
   14.630
   19.760
   18.180
    8.560
   -1.730
   -5.730
   -2.890
   -2.180
   -2.910
    2.390
   13.650
   17.270
   10.330
    6.500
    8.490
    6.020
   -2.700
   -3.150
    2.220
    4.430
    8.540
   13.530
   12.180
    3.510
  -11.520
  -15.190
   -4.320
   -3.260
   -3.270
    1.330
    1.450
    6.730
   10.760
    6.720
    3.380
    0.560
   -3.360
    2.180
   17.970
   22.740
   14.820
    6.530
    2.840
   -2.790
   -3.120
   16.230
   31.310
   32.670
   31.550
   24.070
   11.770
    4.450
    5.910
   13.830
   16.420
    9.080
    7.220
    8.380
    6.320
    5.970
    8.170
   11.960
    7.340
    4.220
    3.970
    1.250
   13.020
   23.120
   24.540
   26.470
   22.220
   24.230
   31.190
   33.110
   42.070
   49.110
   46.650
   45.070
   32.970
   17.400
   14.460
   11.910
   10.180
   12.250
   14.690
   16.420
    7.200
    0.290
    2.590
    5.010
    7.610
    9.560
   10.110
    7.380
    7.180
    5.050
   -0.980
   -0.800
    2.970
    2.830
    6.320
    5.930
   -1.210
    1.970
    5.880
    4.620
    6.080
    8.930
    3.550
   -1.040
   -0.720
   -2.540
    0.010
   -5.650
  -15.660
  -15.740
  -13.700
  -16.490
  -17.010
  -12.200
  -10.020
   -7.230
   -6.090
   -7.860
  -11.510
  -16.830
  -17.540
  -13.820
  -10.300
  -12.100
  -14.840
   -8.610
    0.320
   -3.540
   -9.640
   -3.920
   -2.350
   -4.520
   -0.870
    0.290
   -0.200
   -0.180
    0.920
    4.900
    7.540
   -2.390
  -22.980
  -27.280
  -13.210
   -2.170
    2.920
   -0.540
  -18.450
  -24.670
   -2.570
   14.440
   22.100
   25.820
   11.060
   -6.560
   -5.940
    6.290
   14.130
   12.730
    3.510
    1.240
    8.610
   16.140
   20.510
   22.210
   16.860
    6.740
   14.860
   31.760
   36.180
   30.780
   20.410
   12.990
   12.790
   17.310
   13.240
    6.450
    7.670
    2.570
    8.270
   25.780
   27.600
   23.780
   16.250
    2.170
   -7.160
   -1.750
   10.300
    9.710
    8.130
   13.710
   18.120
   12.820
   -4.230
  -12.510
   -5.680
   -5.220
  -11.670
  -10.980
   -8.290
   -6.770
    0.000
    5.620
    0.590
   -7.660
  -11.950
  -15.870
  -13.910
   -8.190
   -7.470
   -7.990
  -12.530
  -17.840
  -21.800
  -28.840
  -30.080
  -27.790
  -26.650
  -23.020
  -24.880
  -22.170
  -21.320
  -26.710
  -11.380
    3.830
    2.680
   -4.250
  -12.450
  -18.810
  -19.600
   -9.670
   -1.720
   -1.990
   -3.420
   -3.360
   -2.260
   -0.640
   -2.370
   -5.130
   -4.680
   -3.600
   -1.210
   -1.120
   -5.160
  -14.470
  -27.200
  -29.410
  -16.700
   -6.360
   -5.850
   -6.470
   -6.510
  -12.560
  -29.140
  -37.960
  -34.320
  -25.570
  -15.160
  -10.710
   -7.380
   -3.750
   -2.800
   -6.500
  -14.490
  -25.790
  -26.740
  -15.930
  -10.660
   -5.410
   -1.570
   -3.490
   -5.320
  -12.200
  -20.710
  -20.610
  -19.710
  -18.410
   -4.580
    7.430
    3.810
   -3.650
  -10.610
  -13.870
   -6.910
   -0.090
   -2.060
   -7.750
   -6.010
    0.150
    0.090
    1.740
    4.230
   -1.990
   -6.630
   -5.190
   -7.150
  -14.460
  -12.590
   -2.320
   -3.620
   -8.260
  -12.370
  -20.870
  -18.480
   -8.250
   -2.420
    2.900
   10.200
   14.130
   10.080
    4.420
   -0.710
   -7.420